setpos 668.346802 -7456.031250 -63.968750;setang 12.428107 -95.587509 0.000000
setpos 364.153259 -7320.210938 -62.766006;setang 4.114380 -170.700073 0.000000
setpos -336.682434 -7389.477051 -63.968750;setang 11.643871 175.071548 0.000000
setpos -749.584290 -7314.031250 64.031250;setang 11.975513 -21.868876 0.00
setpos -407.547699 -7397.509766 192.031250;setang 20.516594 163.690582 0.000
setpos -666.647034 -7323.126953 320.031250;setang 7.839473 102.464828 0.000000
setpos -174.566727 -6885.356445 640.031250;setang 41.361263 172.605682 0.000
setpos -206.445557 -7033.377930 640.031250;setang 18.367989 -1.664212 0.0000
setpos 49.143108 -5778.829590 640.031250;setang 8.997133 101.152565 0.000000
setpos 292.620392 -6351.153320 485.246948;setang 20.823549 -171.915024 0.0000
setpos 415.467438 -6041.764160 576.031250;setang 18.908792 -39.819374 0.000000
setpos 759.834839 -6164.005371 604.031250;setang 23.554977 -91.775917 0.000
setpos 756.488464 -6677.074219 604.031250;setang 23.268681 -105.133789 0.00000
setpos 1239.968750 -6766.571289 576.031250;setang 15.624042 -158.340744 0.00000
setpos 830.131409 -5845.145508 576.031250;setang 26.811188 -154.074783 0.000000
setpos 404.401001 -5339.680176 576.031250;setang 26.465658 144.481689 0.0000
setpos 144.031250 -3687.442627 320.031250;setang 31.888248 56.051998 0.000000
setpos 464.031250 -1007.983826 185.437286;setang -9.689948 32.321777 0.