setpos 510.797180 3168.657471 -823.939453;setang -4.362514 -62.274216 0.00000
setpos 386.205200 3258.556641 -783.968750;setang 10.140381 157.285767 0.0000
setpos -852.176819 3513.297119 -839.657349;setang 4.596991 -9.881085 0.00000
setpos 240.004913 2780.756592 -803.968750;setang 5.405583 146.040634 0.000000
setpos -1122.615479 1659.383667 -803.968750;setang 6.571259 -119.114311 0.000000
setpos -951.382141 1399.195557 -803.968750;setang 13.345823 173.109833 0.00000
setpos -1821.885864 832.031250 -751.976440;setang 28.753885 65.014648 0.000000
setpos -1629.198975 967.622375 -1078.768188;setang -10.673224 -84.122314 0.000000
setpos -993.160522 731.732239 -896.308777;setang 14.997492 -47.264385 0.000000
setpos -439.334351 -828.880188 -983.146545;setang 6.773787 4.672665 0.000000
setpos -334.114929 -1167.968750 -895.968750;setang 18.532070 108.858749 0.000000
setpos -1945.577026 -1002.429016 -884.073730;setang 8.226906 20.345854 0.00000
setpos -1984.031250 -801.262634 -1071.968750;setang 11.286735 -163.716721 0.000000
setpos -2393.014648 -677.298767 -1112.191895;setang 7.718969 10.986612 0.000000
setpos -2197.061523 -932.833435 -1390.387085;setang 15.588368 -173.871780 0.00000
setpos -2120.597168 -231.459900 -1307.079346;setang 41.533100 152.580780 0.000000
setpos -3359.968750 110.003654 -1068.968750;setang 3.825834 -72.633881 0.0000