setpos 3417.205322 6439.430176 -93.968750;setang -49.940060 115.819199 0.000000
setpos 3247.587402 7342.008301 -351.966827;setang -53.172276 91.051476 0.000000
setpos 3472.206787 5270.904785 -255.968750;setang -39.737312 133.621521 0.000000
setpos 4072.434570 5498.954102 -255.968750;setang 15.520873 -18.038696 0.00000
fov_desired 90;setpos 4457.984863 5213.968750 -239.968750;setang 24.934120 -149.630096 0.000000
fov_desired 81;setpos 4125.550293 5371.474121 -61.312408;setang -20.012606 -17.138613 0.000000
fov_desired 90;setpos 4157.049805 3938.925781 -193.968750;setang 31.292414 71.815689 0.000000
fov_desired 81;setpos 5808.659668 696.965454 -347.254852;setang -14.620729 123.439796 0.000000
fov_desired 90;setpos 7110.381836 -4108.153809 -218.150604;setang -1.153482 141.196671 0.000000
god;fov_desired 81;setpos 4693.963867 -4982.528320 -420.460022;setang 8.894876 -100.961075 0.000000
setpos 647.686401 -2874.754639 -317.313843;setang 2.403441 -81.197372 0.000000